0	1.7079545
1	1.6995311
2	1.7263783
3	1.7158666
4	1.7477682
5	1.7000130
6	1.7073984
7	1.7399224
8	1.7622900
9	1.7802914
10	1.7515745
11	1.7562797
12	1.7498106
13	1.7427462
14	1.7345103
15	1.7524043
16	1.7312787
17	1.7186104
18	1.7479587
19	1.7226835
20	1.7364618
21	1.7360125
22	1.7593851
23	1.7723871
24	1.7551903
25	1.7702760
26	1.7894838
27	1.7849234
28	1.7553717
29	1.7921507
30	1.8112015
31	1.8305585
32	1.7731616
33	1.7777680
34	1.8110284
35	1.8352200
36	1.8287210
37	1.8096384
38	1.8096985
39	1.8026218
40	1.8216577
41	1.8013220
42	1.7728770
43	1.7811691
44	1.7923752
45	1.8026483
46	1.8183311
47	1.8038502
48	1.8057227
49	1.8216677
50	1.8451093
51	1.8453498
52	1.8228916
53	1.8070954
54	1.8357583
55	1.8276453
56	1.8347853
57	1.8097423
58	1.8225937
59	1.8038341
60	1.8345038
61	1.8401467
62	1.8414012
63	1.8637201
64	1.8835229
65	1.8718691
66	1.9010201
67	1.8853201
68	1.9032675
69	1.9168634
70	1.9226216
71	1.9129622
72	1.9440233
73	1.9227765
74	1.9323065
75	1.9493916
76	1.9507622
77	2.0039287
78	2.0234332
79	2.0398204
80	2.0328012
81	2.0145855
82	1.9947274
83	2.0289481
84	2.0296919
85	2.0319350
86	2.0283265
87	2.0096946
88	2.0443006
89	2.0807724
90	2.1107244
91	2.0972028
92	2.1055119
93	2.1283963
94	2.1629555
95	2.1827939
96	2.2335243
97	2.2240140
98	2.2144105
99	2.2213824
100	2.2446876
101	2.2153423
102	2.2133389
103	2.2170534
104	2.2312915
105	2.2528281
106	2.2859597
107	2.2616618
108	2.3009708
109	2.2899108
110	2.2882807
111	2.3237369
112	2.3095384
113	2.3300714
114	2.3518476
115	2.3516710
116	2.3455520
117	2.3893228
118	2.4110167
119	2.4249282
120	2.4255824
121	2.4384131
122	2.4434946
123	2.4429162
124	2.4610043
125	2.4686220
126	2.4643183
127	2.4507670
128	2.4503324
129	2.4806790
130	2.4909339
131	2.4540212
132	2.4629164
133	2.4574425
134	2.4881313
135	2.4775057
136	2.4916596
137	2.5085459
138	2.4798748
139	2.5001326
140	2.5347354
141	2.5627136
142	2.5866439
143	2.6141472
144	2.6459913
145	2.6379700
146	2.6031957
147	2.6144688
148	2.6652799
149	2.7036345
150	2.7255564
151	2.7311301
152	2.7374253
153	2.7462096
154	2.7549162
155	2.8105485
156	2.8006961
157	2.7847996
158	2.7790260
159	2.8294678
160	2.8441207
161	2.8318660
162	2.8716409
163	2.8765557
164	2.8595374
165	2.8704002
166	2.8759549
167	2.8786657
168	2.8953302
169	2.9095163
170	2.9045486
171	2.9132755
172	2.9126871
173	2.9009748
174	2.9258175
175	2.9176528
176	2.9179609
177	2.9270654
178	2.9182692
179	2.9681754
180	3.0055277
181	3.0176432
182	3.0600348
183	3.0883203
184	3.1032457
185	3.0915837
186	3.0819113
187	3.0838194
188	3.1320553
189	3.1769712
190	3.2134337
191	3.2276702
192	3.2074826
193	3.2100091
194	3.2063692
195	3.1985686
196	3.2004466
197	3.2293599
198	3.2500219
199	3.2491524
200	3.2588418
201	3.2758722
202	3.3241434
203	3.3533518
204	3.3337061
205	3.3563094
206	3.3717113
207	3.3905277
208	3.3842702
209	3.3978550
210	3.4291854
211	3.4318299
212	3.4289579
213	3.4664006
214	3.4523411
215	3.4547155
216	3.4652326
217	3.4804308
218	3.4970555
219	3.4851263
220	3.5253754
221	3.5228453
222	3.5465169
223	3.5660372
224	3.5489042
225	3.5606282
226	3.6193216
227	3.6148810
228	3.5849762
229	3.5626297
230	3.5827959
231	3.5963237
232	3.6324608
233	3.6479771
234	3.6131423
235	3.6114569
236	3.6588321
237	3.6792979
238	3.6758497
239	3.6848650
240	3.6905656
241	3.7166066
242	3.7132649
243	3.7389240
244	3.7350187
245	3.7447317
246	3.7719746
247	3.7809677
248	3.8633947
249	3.8307250
250	3.8586643
251	3.8170371
252	3.8149838
253	3.8161893
254	3.8296752
255	3.8350224
256	3.8377399
257	3.8026524
258	3.8054693
259	3.8280830
260	3.8564279
261	3.8932457
262	3.8985839
263	3.9321451
264	3.9015014
265	3.9059479
266	3.9144721
267	3.9381101
268	3.9967871
269	3.9986074
270	4.0044050
271	4.0186715
272	3.9770479
273	3.9768877
274	3.9845068
275	4.0160418
276	4.0642943
277	4.1117902
278	4.1216755
279	4.1572728
280	4.1304069
281	4.0750651
282	4.0646472
283	4.0756145
284	4.1004057
285	4.1170635
286	4.1367388
287	4.1849060
288	4.2001209
289	4.1948709
290	4.2262001
291	4.2359657
292	4.2437296
293	4.2861781
294	4.3566723
295	4.3665690
296	4.3652630
297	4.3848901
298	4.4190769
299	4.3897266
300	4.3722830
301	4.3763409
302	4.3828073
303	4.4239116
304	4.4045348
305	4.4104767
306	4.4459634
307	4.4404068
308	4.4480076
309	4.4755483
310	4.4808035
311	4.5179090
312	4.5349278
313	4.5588717
314	4.5806961
315	4.5964079
316	4.5337305
317	4.5643477
318	4.5751824
319	4.5672741
320	4.5773897
321	4.5766382
322	4.5915747
323	4.6819639
324	4.6948314
325	4.7278399
326	4.7035594
327	4.6954970
328	4.7010331
329	4.7200933
330	4.7007670
331	4.7026267
332	4.6857071
333	4.6920700
334	4.6759109
335	4.6918116
336	4.7303276
337	4.7661095
338	4.7352347
339	4.7124758
340	4.7378936
341	4.7553225
342	4.7347593
343	4.7324438
344	4.7914767
345	4.7978239
346	4.7987318
347	4.8478417
348	4.8624878
349	4.8468246
350	4.9162631
351	4.8827734
352	4.8708072
353	4.9043088
354	4.9520135
355	4.9878979
356	5.0178771
357	5.0200973
358	5.0442762
359	5.0717916
360	5.0980320
361	5.1112337
362	5.1260657
363	5.1532736
364	5.1891580
365	5.2020798
366	5.2122808
367	5.1844983
368	5.1718073
369	5.1834512
370	5.2015872
371	5.2282462
372	5.2457271
373	5.2286744
374	5.2242279
375	5.2789230
376	5.3063912
377	5.2802787
378	5.2719154
379	5.2904735
380	5.3046026
381	5.3010659
382	5.3136292
383	5.3092480
384	5.3142290
385	5.2918143
386	5.3200974
387	5.3361802
388	5.3453341
389	5.3375130
390	5.3320842
391	5.3062868
392	5.3462691
393	5.3443909
394	5.3554182
395	5.3816891
396	5.4212170
397	5.4257774
398	5.4582744
399	5.4580560
400	5.4443388
401	5.4373913
402	5.4551392
403	5.4421892
404	5.4603033
405	5.5032134
406	5.5080357
407	5.5437493
408	5.5661979
409	5.5778823
410	5.5935507
411	5.6168547
412	5.6659966
413	5.7060070
414	5.7102880
415	5.7061443
416	5.6642466
417	5.6895919
418	5.7061019
419	5.7271938
420	5.7122073
421	5.7305846
422	5.7354975
423	5.7691956
424	5.7687287
425	5.7719941
426	5.7636466
427	5.7538376
428	5.7476931
429	5.7174907
430	5.7260871
431	5.7743154
432	5.8110981
433	5.8054476
434	5.7975011
435	5.8011694
436	5.8093944
437	5.8205667
438	5.8302245
439	5.8374910
440	5.8390698
441	5.8295250
442	5.8557520
443	5.8583846
444	5.8704386
445	5.9028172
446	5.9028463
447	5.9093618
448	5.8945723
449	5.9046907
450	5.9182200
451	5.9371524
452	5.9914236
453	5.9371128
454	5.9467568
455	5.9491801
456	5.9539123
457	5.9832582
458	5.9978199
459	6.0280418
460	6.0524449
461	6.0729756
462	6.0893016
463	6.0951657
464	6.1072855
465	6.0930510
466	6.0687518
467	6.0562034
468	6.0825949
469	6.0893941
470	6.0989685
471	6.0771194
472	6.0898523
473	6.0607095
474	6.0796065
475	6.0332222
476	6.0128770
477	6.0108471
478	6.0601945
479	6.1014633
480	6.0984311
481	6.1061668
482	6.1055279
483	6.0944242
484	6.0960965
485	6.1087890
486	6.0911789
487	6.1146383
488	6.1115346
489	6.0986686
490	6.0971284
491	6.1143537
492	6.1020441
493	6.1075687
494	6.1076279
495	6.1373520
496	6.1321149
497	6.1196723
498	6.1320348
499	6.1302934
500	6.1269403
